37.2391928,126.7731332
37.2391942,126.7731342
37.2392008,126.7731385
37.2392102,126.7731447
37.2392209,126.7731518
37.2392315,126.7731587
37.2392425,126.7731659
37.239254,126.7731733
37.2392648,126.7731802
37.239277,126.773188
37.2392894,126.773196
37.2393014,126.7732048
37.2393116,126.7732165
37.2393193,126.7732311
37.239324,126.7732455
37.2393269,126.7732629
37.2393288,126.7732826
37.2393302,126.7733021
37.2393311,126.7733186
37.2393313,126.7733209
37.2393313,126.773321
37.2393313,126.7733209